
-------------------------------------------------------------------------------------------------------------
Compute Overlap Matrix using Gaussian Library
3 13
 1.000   0.209   0.183   0.000   0.000   0.000   0.000   0.000   0.000   0.022   0.061   0.022   0.061
 0.209   1.000   0.740   0.000   0.000   0.000   0.000   0.000   0.000   0.160   0.302   0.160   0.302
 0.183   0.740   1.000   0.000   0.000   0.000   0.000   0.000   0.000   0.363   0.608   0.363   0.608
 0.000   0.000   0.000   1.000   0.000   0.000   0.499   0.000   0.000   0.000   0.000   0.192   0.111
 0.000   0.000   0.000   0.000   1.000   0.000   0.000   0.499   0.000   0.000   0.000   0.000   0.000
 0.000   0.000   0.000   0.000   0.000   1.000   0.000   0.000   0.499   0.204   0.118  -0.068  -0.039
 0.000   0.000   0.000   0.499   0.000   0.000   1.000   0.000   0.000   0.000   0.000   0.531   0.418
 0.000   0.000   0.000   0.000   0.499   0.000   0.000   1.000   0.000   0.000   0.000   0.000   0.000
 0.000   0.000   0.000   0.000   0.000   0.499   0.000   0.000   1.000   0.563   0.443  -0.188  -0.148
 0.022   0.160   0.363   0.000   0.000   0.204   0.000   0.000   0.563   1.000   0.646   0.022   0.171
 0.061   0.302   0.608   0.000   0.000   0.118   0.000   0.000   0.443   0.646   1.000   0.171   0.448
 0.022   0.160   0.363   0.192   0.000  -0.068   0.531   0.000  -0.188   0.022   0.171   1.000   0.646
 0.061   0.302   0.608   0.111   0.000  -0.039   0.418   0.000  -0.148   0.171   0.448   0.646   1.000

Compute Overlap Matrix using IPACK Library
13 13
  1.000   0.209   0.183   0.000   0.000   0.000   0.000   0.000   0.000   0.022   0.061   0.022   0.061
  0.209   1.000   0.740   0.000   0.000   0.000   0.000   0.000   0.000   0.160   0.302   0.160   0.302
  0.183   0.740   1.000   0.000   0.000   0.000   0.000   0.000   0.000   0.363   0.608   0.363   0.608
  0.000   0.000   0.000   1.000   0.000   0.000   0.499   0.000   0.000   0.000   0.000   0.192   0.111
  0.000   0.000   0.000   0.000   1.000   0.000   0.000   0.499   0.000   0.000   0.000   0.000   0.000
  0.000   0.000   0.000   0.000   0.000   1.000   0.000   0.000   0.499   0.204   0.118  -0.068  -0.039
  0.000   0.000   0.000   0.499   0.000   0.000   1.000   0.000   0.000   0.000   0.000   0.531   0.418
  0.000   0.000   0.000   0.000   0.499   0.000   0.000   1.000   0.000   0.000   0.000   0.000   0.000
  0.000   0.000   0.000   0.000   0.000   0.499   0.000   0.000   1.000   0.563   0.443  -0.188  -0.148
  0.022   0.160   0.363   0.000   0.000   0.204   0.000   0.000   0.563   1.000   0.646   0.022   0.171
  0.061   0.302   0.608   0.000   0.000   0.118   0.000   0.000   0.443   0.646   1.000   0.171   0.448
  0.022   0.160   0.363   0.192   0.000  -0.068   0.531   0.000  -0.188   0.022   0.171   1.000   0.646
  0.061   0.302   0.608   0.111   0.000  -0.039   0.418   0.000  -0.148   0.171   0.448   0.646   1.000

-----------------------------------------------------------------------------------------------------------------
Compute electric dipole Matrix using GAUSSIAN Library

The matrix of component 1 of R-operator
13 13
 0.000   0.000   0.000   0.065   0.000   0.000   0.009   0.000   0.000   0.000   0.000   0.003   0.002
 0.000   0.000   0.000   0.425   0.000   0.000   0.259   0.000   0.000   0.000   0.000   0.102   0.059
 0.000   0.000   0.000   0.408   0.000   0.000   0.818   0.000   0.000   0.000   0.000   0.435   0.342
 0.065   0.425   0.408   0.000   0.000   0.000   0.000   0.000   0.000   0.066   0.178   0.180   0.197
 0.000   0.000   0.000   0.000   0.000   0.000   0.000   0.000   0.000   0.000   0.000   0.000   0.000
 0.000   0.000   0.000   0.000   0.000   0.000   0.000   0.000   0.000   0.000   0.000  -0.040  -0.007
 0.009   0.259   0.818   0.000   0.000   0.000   0.000   0.000   0.000   0.178   0.667   0.818   0.902
 0.000   0.000   0.000   0.000   0.000   0.000   0.000   0.000   0.000   0.000   0.000   0.000   0.000
 0.000   0.000   0.000   0.000   0.000   0.000   0.000   0.000   0.000   0.000   0.000  -0.226  -0.083
 0.000   0.000   0.000   0.066   0.000   0.000   0.178   0.000   0.000   0.000   0.000   0.019   0.052
 0.000   0.000   0.000   0.178   0.000   0.000   0.667   0.000   0.000   0.000   0.000   0.242   0.383
 0.003   0.102   0.435   0.180   0.000  -0.040   0.818   0.000  -0.226   0.019   0.242   1.710   1.105
 0.002   0.059   0.342   0.197   0.000  -0.007   0.902   0.000  -0.083   0.052   0.383   1.105   1.710

The matrix of component 2 of R-operator
13 13
 0.000   0.000   0.000   0.000   0.065   0.000   0.000   0.009   0.000   0.000   0.000   0.000   0.000
 0.000   0.000   0.000   0.000   0.425   0.000   0.000   0.259   0.000   0.000   0.000   0.000   0.000
 0.000   0.000   0.000   0.000   0.408   0.000   0.000   0.818   0.000   0.000   0.000   0.000   0.000
 0.000   0.000   0.000   0.000   0.000   0.000   0.000   0.000   0.000   0.000   0.000   0.000   0.000
 0.065   0.425   0.408   0.000   0.000   0.000   0.000   0.000   0.000   0.066   0.178   0.066   0.178
 0.000   0.000   0.000   0.000   0.000   0.000   0.000   0.000   0.000   0.000   0.000   0.000   0.000
 0.000   0.000   0.000   0.000   0.000   0.000   0.000   0.000   0.000   0.000   0.000   0.000   0.000
 0.009   0.259   0.818   0.000   0.000   0.000   0.000   0.000   0.000   0.178   0.667   0.178   0.667
 0.000   0.000   0.000   0.000   0.000   0.000   0.000   0.000   0.000   0.000   0.000   0.000   0.000
 0.000   0.000   0.000   0.000   0.066   0.000   0.000   0.178   0.000   0.000   0.000   0.000   0.000
 0.000   0.000   0.000   0.000   0.178   0.000   0.000   0.667   0.000   0.000   0.000   0.000   0.000
 0.000   0.000   0.000   0.000   0.066   0.000   0.000   0.178   0.000   0.000   0.000   0.000   0.000
 0.000   0.000   0.000   0.000   0.178   0.000   0.000   0.667   0.000   0.000   0.000   0.000   0.000

The matrix of component 3 of R-operator
13 13
 0.000   0.000   0.000   0.000   0.000   0.065   0.000   0.000   0.009   0.003   0.002  -0.001  -0.001
 0.000   0.000   0.000   0.000   0.000   0.425   0.000   0.000   0.259   0.108   0.063  -0.036  -0.021
 0.000   0.000   0.000   0.000   0.000   0.408   0.000   0.000   0.818   0.461   0.363  -0.154  -0.121
 0.000   0.000   0.000   0.000   0.000   0.000   0.000   0.000   0.000   0.000   0.000  -0.040  -0.007
 0.000   0.000   0.000   0.000   0.000   0.000   0.000   0.000   0.000   0.000   0.000   0.000   0.000
 0.065   0.425   0.408   0.000   0.000   0.000   0.000   0.000   0.000   0.194   0.199   0.080   0.180
 0.000   0.000   0.000   0.000   0.000   0.000   0.000   0.000   0.000   0.000   0.000  -0.226  -0.083
 0.000   0.000   0.000   0.000   0.000   0.000   0.000   0.000   0.000   0.000   0.000   0.000   0.000
 0.009   0.259   0.818   0.000   0.000   0.000   0.000   0.000   0.000   0.898   0.932   0.258   0.697
 0.003   0.108   0.461   0.000   0.000   0.194   0.000   0.000   0.898   1.814   1.172   0.013   0.238
 0.002   0.063   0.363   0.000   0.000   0.199   0.000   0.000   0.932   1.172   1.814  -0.031   0.271
-0.001  -0.036  -0.154  -0.040   0.000   0.080  -0.226   0.000   0.258   0.013  -0.031  -0.605  -0.391
-0.001  -0.021  -0.121  -0.007   0.000   0.180  -0.083   0.000   0.697   0.238   0.271  -0.391  -0.605

------------------------------------------------------------------------------------------------------------
Compute electric dipole Matrix using IPACK Library

 The matrix of component 1 of R-operator
 13 13
  0.000   0.000   0.000   0.065   0.000   0.000   0.009   0.000   0.000   0.000   0.000   0.003   0.002
  0.000   0.000   0.000   0.425   0.000   0.000   0.259   0.000   0.000   0.000   0.000   0.102   0.059
  0.000   0.000   0.000   0.408   0.000   0.000   0.818   0.000   0.000   0.000   0.000   0.435   0.342
  0.065   0.425   0.408   0.000   0.000   0.000   0.000   0.000   0.000   0.066   0.178   0.180   0.197
  0.000   0.000   0.000   0.000   0.000   0.000   0.000   0.000   0.000   0.000   0.000   0.000   0.000
  0.000   0.000   0.000   0.000   0.000   0.000   0.000   0.000   0.000   0.000   0.000  -0.040  -0.007
  0.009   0.259   0.818   0.000   0.000   0.000   0.000   0.000   0.000   0.178   0.667   0.818   0.902
  0.000   0.000   0.000   0.000   0.000   0.000   0.000   0.000   0.000   0.000   0.000   0.000   0.000
  0.000   0.000   0.000   0.000   0.000   0.000   0.000   0.000   0.000   0.000   0.000  -0.226  -0.083
  0.000   0.000   0.000   0.066   0.000   0.000   0.178   0.000   0.000   0.000   0.000   0.019   0.052
  0.000   0.000   0.000   0.178   0.000   0.000   0.667   0.000   0.000   0.000   0.000   0.242   0.383
  0.003   0.102   0.435   0.180   0.000  -0.040   0.818   0.000  -0.226   0.019   0.242   1.710   1.105
  0.002   0.059   0.342   0.197   0.000  -0.007   0.902   0.000  -0.083   0.052   0.383   1.105   1.710

 The matrix of component 2 of R-operator
 13 13
  0.000   0.000   0.000   0.000   0.065   0.000   0.000   0.009   0.000   0.000   0.000   0.000   0.000
  0.000   0.000   0.000   0.000   0.425   0.000   0.000   0.259   0.000   0.000   0.000   0.000   0.000
  0.000   0.000   0.000   0.000   0.408   0.000   0.000   0.818   0.000   0.000   0.000   0.000   0.000
  0.000   0.000   0.000   0.000   0.000   0.000   0.000   0.000   0.000   0.000   0.000   0.000   0.000
  0.065   0.425   0.408   0.000   0.000   0.000   0.000   0.000   0.000   0.066   0.178   0.066   0.178
  0.000   0.000   0.000   0.000   0.000   0.000   0.000   0.000   0.000   0.000   0.000   0.000   0.000
  0.000   0.000   0.000   0.000   0.000   0.000   0.000   0.000   0.000   0.000   0.000   0.000   0.000
  0.009   0.259   0.818   0.000   0.000   0.000   0.000   0.000   0.000   0.178   0.667   0.178   0.667
  0.000   0.000   0.000   0.000   0.000   0.000   0.000   0.000   0.000   0.000   0.000   0.000   0.000
  0.000   0.000   0.000   0.000   0.066   0.000   0.000   0.178   0.000   0.000   0.000   0.000   0.000
  0.000   0.000   0.000   0.000   0.178   0.000   0.000   0.667   0.000   0.000   0.000   0.000   0.000
  0.000   0.000   0.000   0.000   0.066   0.000   0.000   0.178   0.000   0.000   0.000   0.000   0.000
  0.000   0.000   0.000   0.000   0.178   0.000   0.000   0.667   0.000   0.000   0.000   0.000   0.000

 The matrix of component 3 of R-operator
 13 13
  0.000   0.000   0.000   0.000   0.000   0.065   0.000   0.000   0.009   0.003   0.002  -0.001  -0.001
  0.000   0.000   0.000   0.000   0.000   0.425   0.000   0.000   0.259   0.108   0.063  -0.036  -0.021
  0.000   0.000   0.000   0.000   0.000   0.408   0.000   0.000   0.818   0.461   0.363  -0.154  -0.121
  0.000   0.000   0.000   0.000   0.000   0.000   0.000   0.000   0.000   0.000   0.000  -0.040  -0.007
  0.000   0.000   0.000   0.000   0.000   0.000   0.000   0.000   0.000   0.000   0.000   0.000   0.000
  0.065   0.425   0.408   0.000   0.000   0.000   0.000   0.000   0.000   0.194   0.199   0.080   0.180
  0.000   0.000   0.000   0.000   0.000   0.000   0.000   0.000   0.000   0.000   0.000  -0.226  -0.083
  0.000   0.000   0.000   0.000   0.000   0.000   0.000   0.000   0.000   0.000   0.000   0.000   0.000
  0.009   0.259   0.818   0.000   0.000   0.000   0.000   0.000   0.000   0.898   0.932   0.258   0.697
  0.003   0.108   0.461   0.000   0.000   0.194   0.000   0.000   0.898   1.814   1.172   0.013   0.238
  0.002   0.063   0.363   0.000   0.000   0.199   0.000   0.000   0.932   1.172   1.814  -0.031   0.271
 -0.001  -0.036  -0.154  -0.040   0.000   0.080  -0.226   0.000   0.258   0.013  -0.031  -0.605  -0.391
 -0.001  -0.021  -0.121  -0.007   0.000   0.180  -0.083   0.000   0.697   0.238   0.271  -0.391  -0.605

-------------------------------------------------------------------------------------------------------

Compute Kinetic Energy Matrix using IPACK Library

 The matrix of Kinietic Energy operator T
13 13
 30.470  -2.854   0.199   0.000   0.000   0.000   0.000   0.000   0.000  -0.036   0.020  -0.036   0.020
 -2.854   2.788   0.652   0.000   0.000   0.000   0.000   0.000   0.000  -0.048   0.095  -0.048   0.095
  0.199   0.652   0.561   0.000   0.000   0.000   0.000   0.000   0.000   0.121   0.164   0.121   0.164
  0.000   0.000   0.000   5.351   0.000   0.000   0.761   0.000   0.000   0.000   0.000   0.116   0.072
  0.000   0.000   0.000   0.000   5.351   0.000   0.000   0.761   0.000   0.000   0.000   0.000   0.000
  0.000   0.000   0.000   0.000   0.000   5.351   0.000   0.000   0.761   0.123   0.076  -0.041  -0.025
  0.000   0.000   0.000   0.761   0.000   0.000   0.934   0.000   0.000   0.000   0.000   0.455   0.215
  0.000   0.000   0.000   0.000   0.761   0.000   0.000   0.934   0.000   0.000   0.000   0.000   0.000
  0.000   0.000   0.000   0.000   0.000   0.761   0.000   0.000   0.934   0.483   0.228  -0.161  -0.076
 -0.036  -0.048   0.121   0.000   0.000   0.123   0.000   0.000   0.483   1.549   0.293  -0.040   0.009
  0.020   0.095   0.164   0.000   0.000   0.076   0.000   0.000   0.228   0.293   0.275   0.009   0.057
 -0.036  -0.048   0.121   0.116   0.000  -0.041   0.455   0.000  -0.161  -0.040   0.009   1.549   0.293
  0.020   0.095   0.164   0.072   0.000  -0.025   0.215   0.000  -0.076   0.009   0.057   0.293   0.275

Compute Kinetic Energy Matrix using GAUSSIAN Library

The matrix of Kinietic Energy operator T
3 13
30.470  -2.854   0.199   0.000   0.000   0.000   0.000   0.000   0.000  -0.036   0.020  -0.036   0.020
-2.854   2.788   0.652   0.000   0.000   0.000   0.000   0.000   0.000  -0.048   0.095  -0.048   0.095
 0.199   0.652   0.561   0.000   0.000   0.000   0.000   0.000   0.000   0.121   0.164   0.121   0.164
 0.000   0.000   0.000   5.351   0.000   0.000   0.761   0.000   0.000   0.000   0.000   0.116   0.072
 0.000   0.000   0.000   0.000   5.351   0.000   0.000   0.761   0.000   0.000   0.000   0.000   0.000
 0.000   0.000   0.000   0.000   0.000   5.351   0.000   0.000   0.761   0.123   0.076  -0.041  -0.025
 0.000   0.000   0.000   0.761   0.000   0.000   0.934   0.000   0.000   0.000   0.000   0.455   0.215
 0.000   0.000   0.000   0.000   0.761   0.000   0.000   0.934   0.000   0.000   0.000   0.000   0.000
 0.000   0.000   0.000   0.000   0.000   0.761   0.000   0.000   0.934   0.483   0.228  -0.161  -0.076
-0.036  -0.048   0.121   0.000   0.000   0.123   0.000   0.000   0.483   1.549   0.293  -0.040   0.009
 0.020   0.095   0.164   0.000   0.000   0.076   0.000   0.000   0.228   0.293   0.275   0.009   0.057
-0.036  -0.048   0.121   0.116   0.000  -0.041   0.455   0.000  -0.161  -0.040   0.009   1.549   0.293
 0.020   0.095   0.164   0.072   0.000  -0.025   0.215   0.000  -0.076   0.009   0.057   0.293   0.275
---------------------------------------------------------------------------------------------------------

Compute Angular Momentum Operator Matricies using IPACK Library

 The matrix of component 1 of R X Delt operator
 13 13
  0.000   0.000   0.000   0.000   0.000   0.000   0.000   0.000   0.000   0.000   0.000   0.000   0.000
  0.000   0.000   0.000   0.000   0.000   0.000   0.000   0.000   0.000   0.000   0.000   0.000   0.000
  0.000   0.000   0.000   0.000   0.000   0.000   0.000   0.000   0.000   0.000   0.000   0.000   0.000
  0.000   0.000   0.000   0.000   0.000   0.000   0.000   0.000   0.000   0.000   0.000   0.000   0.000
  0.000   0.000   0.000   0.000   0.000   1.000   0.000   0.000   0.499   0.204   0.118  -0.068  -0.039
  0.000   0.000   0.000   0.000  -1.000   0.000   0.000  -0.499   0.000   0.000   0.000   0.000   0.000
  0.000   0.000   0.000   0.000   0.000   0.000   0.000   0.000   0.000   0.000   0.000   0.000   0.000
  0.000   0.000   0.000   0.000   0.000   0.499   0.000   0.000   1.000   0.563   0.443  -0.188  -0.148
  0.000   0.000   0.000   0.000  -0.499   0.000   0.000  -1.000   0.000   0.000   0.000   0.000   0.000
  0.000   0.000   0.000   0.000  -0.204   0.000   0.000  -0.563   0.000   0.000   0.000   0.000   0.000
  0.000   0.000   0.000   0.000  -0.118   0.000   0.000  -0.443   0.000   0.000   0.000   0.000   0.000
  0.000   0.000   0.000   0.000   0.068   0.000   0.000   0.188   0.000   0.000   0.000   0.000   0.000
  0.000   0.000   0.000   0.000   0.039   0.000   0.000   0.148   0.000   0.000   0.000   0.000   0.000

 The matrix of component 2 of R X Delt operator
 13 13
  0.000   0.000   0.000   0.000   0.000   0.000   0.000   0.000   0.000   0.000   0.000   0.000   0.000
  0.000   0.000   0.000   0.000   0.000   0.000   0.000   0.000   0.000   0.000   0.000   0.000   0.000
  0.000   0.000   0.000   0.000   0.000   0.000   0.000   0.000   0.000   0.000   0.000   0.000   0.000
  0.000   0.000   0.000   0.000   0.000  -1.000   0.000   0.000  -0.499  -0.204  -0.118   0.068   0.039
  0.000   0.000   0.000   0.000   0.000   0.000   0.000   0.000   0.000   0.000   0.000   0.000   0.000
  0.000   0.000   0.000   1.000   0.000   0.000   0.499   0.000   0.000   0.000   0.000   0.192   0.111
  0.000   0.000   0.000   0.000   0.000  -0.499   0.000   0.000  -1.000  -0.563  -0.443   0.188   0.148
  0.000   0.000   0.000   0.000   0.000   0.000   0.000   0.000   0.000   0.000   0.000   0.000   0.000
  0.000   0.000   0.000   0.499   0.000   0.000   1.000   0.000   0.000   0.000   0.000   0.531   0.418
  0.000   0.000   0.000   0.204   0.000   0.000   0.563   0.000   0.000   0.000   0.000   0.057   0.161
  0.000   0.000   0.000   0.118   0.000   0.000   0.443   0.000   0.000   0.000   0.000   0.161   0.254
  0.000   0.000   0.000  -0.068   0.000  -0.192  -0.188   0.000  -0.531  -0.057  -0.161   0.000   0.000
  0.000   0.000   0.000  -0.039   0.000  -0.111  -0.148   0.000  -0.418  -0.161  -0.254   0.000   0.000

 The matrix of component 3 of R X Delt operator
 13 13
  0.000   0.000   0.000   0.000   0.000   0.000   0.000   0.000   0.000   0.000   0.000   0.000   0.000
  0.000   0.000   0.000   0.000   0.000   0.000   0.000   0.000   0.000   0.000   0.000   0.000   0.000
  0.000   0.000   0.000   0.000   0.000   0.000   0.000   0.000   0.000   0.000   0.000   0.000   0.000
  0.000   0.000   0.000   0.000   1.000   0.000   0.000   0.499   0.000   0.000   0.000   0.000   0.000
  0.000   0.000   0.000  -1.000   0.000   0.000  -0.499   0.000   0.000   0.000   0.000  -0.192  -0.111
  0.000   0.000   0.000   0.000   0.000   0.000   0.000   0.000   0.000   0.000   0.000   0.000   0.000
  0.000   0.000   0.000   0.000   0.499   0.000   0.000   1.000   0.000   0.000   0.000   0.000   0.000
  0.000   0.000   0.000  -0.499   0.000   0.000  -1.000   0.000   0.000   0.000   0.000  -0.531  -0.418
  0.000   0.000   0.000   0.000   0.000   0.000   0.000   0.000   0.000   0.000   0.000   0.000   0.000
  0.000   0.000   0.000   0.000   0.000   0.000   0.000   0.000   0.000   0.000   0.000   0.000   0.000
  0.000   0.000   0.000   0.000   0.000   0.000   0.000   0.000   0.000   0.000   0.000   0.000   0.000
  0.000   0.000   0.000   0.000   0.192   0.000   0.000   0.531   0.000   0.000   0.000   0.000   0.000
  0.000   0.000   0.000   0.000   0.111   0.000   0.000   0.418   0.000   0.000   0.000   0.000   0.000

--------------------------------------------------------------------------------------------------------------------

Compute Angular Momentum Operator Matricies using GAUSSIAN Library

 The matrix of component 1 of R X Delt operator
 13 13
  0.000   0.000   0.000   0.000   0.000   0.000   0.000   0.000   0.000   0.000   0.000   0.000   0.000
  0.000   0.000   0.000   0.000   0.000   0.000   0.000   0.000   0.000   0.000   0.000   0.000   0.000
  0.000   0.000   0.000   0.000   0.000   0.000   0.000   0.000   0.000   0.000   0.000   0.000   0.000
  0.000   0.000   0.000   0.000   0.000   0.000   0.000   0.000   0.000   0.000   0.000   0.000   0.000
  0.000   0.000   0.000   0.000   0.000   1.000   0.000   0.000   0.499   0.204   0.118  -0.068  -0.039
  0.000   0.000   0.000   0.000  -1.000   0.000   0.000  -0.499   0.000   0.000   0.000   0.000   0.000
  0.000   0.000   0.000   0.000   0.000   0.000   0.000   0.000   0.000   0.000   0.000   0.000   0.000
  0.000   0.000   0.000   0.000   0.000   0.499   0.000   0.000   1.000   0.563   0.443  -0.188  -0.148
  0.000   0.000   0.000   0.000  -0.499   0.000   0.000  -1.000   0.000   0.000   0.000   0.000   0.000
  0.000   0.000   0.000   0.000  -0.204   0.000   0.000  -0.563   0.000   0.000   0.000   0.000   0.000
  0.000   0.000   0.000   0.000  -0.118   0.000   0.000  -0.443   0.000   0.000   0.000   0.000   0.000
  0.000   0.000   0.000   0.000   0.068   0.000   0.000   0.188   0.000   0.000   0.000   0.000   0.000
  0.000   0.000   0.000   0.000   0.039   0.000   0.000   0.148   0.000   0.000   0.000   0.000   0.000

 The matrix of component 2 of R X Delt operator
 13 13
  0.000   0.000   0.000   0.000   0.000   0.000   0.000   0.000   0.000   0.000   0.000   0.000  -0.000
  0.000   0.000   0.000   0.000   0.000   0.000   0.000   0.000   0.000   0.000   0.000   0.000   0.000
  0.000   0.000   0.000   0.000   0.000   0.000   0.000   0.000   0.000   0.000   0.000   0.000   0.000
  0.000   0.000   0.000   0.000   0.000  -1.000   0.000   0.000  -0.499  -0.204  -0.118   0.068   0.039
  0.000   0.000   0.000   0.000   0.000   0.000   0.000   0.000   0.000   0.000   0.000   0.000   0.000
  0.000   0.000   0.000   1.000   0.000   0.000   0.499   0.000   0.000   0.000   0.000   0.192   0.111
  0.000   0.000   0.000   0.000   0.000  -0.499   0.000   0.000  -1.000  -0.563  -0.443   0.188   0.148
  0.000   0.000   0.000   0.000   0.000   0.000   0.000   0.000   0.000   0.000   0.000   0.000   0.000
  0.000   0.000   0.000   0.499   0.000   0.000   1.000   0.000   0.000   0.000   0.000   0.531   0.418
  0.000   0.000   0.000   0.204   0.000   0.000   0.563   0.000   0.000   0.000   0.000   0.057   0.161
  0.000   0.000   0.000   0.118   0.000   0.000   0.443   0.000   0.000   0.000   0.000   0.161   0.254
 -0.000  -0.000   0.000  -0.068   0.000  -0.192  -0.188   0.000  -0.531  -0.057  -0.161   0.000   0.000
  0.000  -0.000   0.000  -0.039   0.000  -0.111  -0.148   0.000  -0.418  -0.161  -0.254   0.000   0.000

 The matrix of component 3 of R X Delt operator
 13 13
  0.000   0.000   0.000   0.000   0.000   0.000   0.000   0.000   0.000   0.000   0.000   0.000   0.000
  0.000   0.000   0.000   0.000   0.000   0.000   0.000   0.000   0.000   0.000   0.000   0.000   0.000
  0.000   0.000   0.000   0.000   0.000   0.000   0.000   0.000   0.000   0.000   0.000   0.000   0.000
  0.000   0.000   0.000   0.000   1.000   0.000   0.000   0.499   0.000   0.000   0.000   0.000   0.000
  0.000   0.000   0.000  -1.000   0.000   0.000  -0.499   0.000   0.000   0.000   0.000  -0.192  -0.111
  0.000   0.000   0.000   0.000   0.000   0.000   0.000   0.000   0.000   0.000   0.000   0.000   0.000
  0.000   0.000   0.000   0.000   0.499   0.000   0.000   1.000   0.000   0.000   0.000   0.000   0.000
  0.000   0.000   0.000  -0.499   0.000   0.000  -1.000   0.000   0.000   0.000   0.000  -0.531  -0.418
  0.000   0.000   0.000   0.000   0.000   0.000   0.000   0.000   0.000   0.000   0.000   0.000   0.000
  0.000   0.000   0.000   0.000   0.000   0.000   0.000   0.000   0.000   0.000   0.000   0.000   0.000
  0.000   0.000   0.000   0.000   0.000   0.000   0.000   0.000   0.000   0.000   0.000   0.000   0.000
  0.000   0.000   0.000   0.000   0.192   0.000   0.000   0.531   0.000   0.000   0.000   0.000   0.000
  0.000   0.000   0.000   0.000   0.111   0.000   0.000   0.418   0.000   0.000   0.000   0.000   0.000








