FeHe4_3.hlm

MINB6G basis:

GAUSSIAN CALC:
----------------------------------------------------------------------------
Compute Overlap Matrix using Gaussian Library
13 13
  1.000   0.000   0.000   0.000   0.000   0.000   0.000   0.000   0.000   0.386   0.381   0.373   0.384
  0.000   1.000   0.000   0.000   0.000   0.000   0.000   0.000   0.000   0.045  -0.472   0.208   0.482
  0.000   0.000   1.000   0.000   0.000   0.000   0.000   0.000   0.000   0.487   0.175  -0.449   0.156
  0.000   0.000   0.000   1.000   0.000   0.000   0.000   0.000   0.000   0.135   0.066   0.104   0.022
  0.000   0.000   0.000   0.000   1.000   0.000   0.000   0.000   0.000  -0.057  -0.064  -0.053  -0.071
  0.000   0.000   0.000   0.000   0.000   1.000   0.000   0.000   0.000   0.006  -0.028   0.018   0.010
  0.000   0.000   0.000   0.000   0.000   0.000   1.000   0.000   0.000   0.065   0.010  -0.038   0.003
  0.000   0.000   0.000   0.000   0.000   0.000   0.000   1.000   0.000  -0.115   0.087  -0.065   0.100
  0.000   0.000   0.000   0.000   0.000   0.000   0.000   0.000   1.000   0.022  -0.075  -0.076   0.072
  0.386   0.045   0.487   0.135  -0.057   0.006   0.065  -0.115   0.022   1.000   0.148   0.022   0.191
  0.381  -0.472   0.175   0.066  -0.064  -0.028   0.010   0.087  -0.075   0.148   1.000   0.024   0.024
  0.373   0.208  -0.449   0.104  -0.053   0.018  -0.038  -0.065  -0.076   0.022   0.024   1.000   0.099
  0.384   0.482   0.156   0.022  -0.071   0.010   0.003   0.100   0.072   0.191   0.024   0.099   1.000
Compute electric dipole Matrix using GAUSSIAN Library

 The matrix of component 1 of R-operator
 13 13
  0.000   1.676   0.000   0.000   0.000   0.000   0.000   0.000   0.000   0.065  -0.688   0.310   0.696
  1.676   0.000   0.000   0.000  -0.110   0.000   0.000   0.191   0.000   0.267   1.012   0.396   1.035
  0.000   0.000   0.000   0.000   0.000   0.000   0.000   0.000   0.191   0.073  -0.281  -0.333   0.252
  0.000   0.000   0.000   0.000   0.000   0.191   0.000   0.000   0.000   0.020  -0.105   0.077   0.036
  0.000  -0.110   0.000   0.000   0.000   0.000   0.000   0.000   0.000  -0.009   0.102  -0.039  -0.112
  0.000   0.000   0.000   0.191   0.000   0.000   0.000   0.000   0.000   0.026   0.035   0.023   0.013
  0.000   0.000   0.000   0.000   0.000   0.000   0.000   0.000   0.000   0.005  -0.009  -0.015   0.003
  0.000   0.191   0.000   0.000   0.000   0.000   0.000   0.000   0.000  -0.001  -0.156   0.007   0.174
  0.000   0.000   0.191   0.000   0.000   0.000   0.000   0.000   0.000   0.092   0.094  -0.099   0.091
  0.065   0.267   0.073   0.020  -0.009   0.026   0.005  -0.001   0.092   0.189  -0.137   0.012   0.213
 -0.688   1.012  -0.281  -0.105   0.102   0.035  -0.009  -0.156   0.094  -0.137  -2.041  -0.013   0.000
  0.310   0.396  -0.333   0.077  -0.039   0.023  -0.015   0.007  -0.099   0.012  -0.013   0.945   0.147
  0.696   1.035   0.252   0.036  -0.112   0.013   0.003   0.174   0.091   0.213   0.000   0.147   2.041

 The matrix of component 2 of R-operator
 13 13
  0.000   0.000   1.676   0.000   0.000   0.000   0.000   0.000   0.000   0.700   0.255  -0.669   0.226
  0.000   0.000   0.000   0.000   0.000   0.000   0.000   0.000   0.191   0.073  -0.281  -0.333   0.252
  1.676   0.000   0.000   0.000  -0.110   0.000   0.000  -0.191   0.000   1.045   0.357   0.962   0.340
  0.000   0.000   0.000   0.000   0.000   0.000   0.191   0.000   0.000   0.218   0.039  -0.167   0.012
  0.000   0.000  -0.110   0.000   0.000   0.000   0.000   0.000   0.000  -0.102  -0.038   0.084  -0.036
  0.000   0.000   0.000   0.000   0.000   0.000   0.000   0.000   0.000   0.005  -0.009  -0.015   0.003
  0.000   0.000   0.000   0.191   0.000   0.000   0.000   0.000   0.000   0.081   0.015   0.048   0.005
  0.000   0.000  -0.191   0.000   0.000   0.000   0.000   0.000   0.000  -0.190  -0.002   0.124  -0.000
  0.000   0.191   0.000   0.000   0.000   0.000   0.000   0.000   0.000   0.027  -0.105   0.096   0.108
  0.700   0.073   1.045   0.218  -0.102   0.005   0.081  -0.190   0.027   2.041   0.207  -0.000   0.258
  0.255  -0.281   0.357   0.039  -0.038  -0.009   0.015  -0.002  -0.105   0.207   0.756  -0.015   0.017
 -0.669  -0.333   0.962  -0.167   0.084  -0.015   0.048   0.124   0.096  -0.000  -0.015  -2.041  -0.068
  0.226   0.252   0.340   0.012  -0.036   0.003   0.005  -0.000   0.108   0.258   0.017  -0.068   0.661

 The matrix of component 3 of R-operator
 13 13
  0.000   0.000   0.000   1.676   0.000   0.000   0.000   0.000   0.000   0.194   0.096   0.155   0.032
  0.000   0.000   0.000   0.000   0.000   0.191   0.000   0.000   0.000   0.020  -0.105   0.077   0.036
  0.000   0.000   0.000   0.000   0.000   0.000   0.191   0.000   0.000   0.218   0.039  -0.167   0.012
  1.676   0.000   0.000   0.000   0.220   0.000   0.000   0.000   0.000   0.321   0.268   0.281   0.260
  0.000   0.000   0.000   0.220   0.000   0.000   0.000   0.000   0.000   0.015   0.005   0.008   0.002
  0.000   0.191   0.000   0.000   0.000   0.000   0.000   0.000   0.000   0.010  -0.085   0.035   0.088
  0.000   0.000   0.191   0.000   0.000   0.000   0.000   0.000   0.000   0.106   0.031  -0.076   0.028
  0.000   0.000   0.000   0.000   0.000   0.000   0.000   0.000   0.000  -0.028   0.010  -0.013   0.004
  0.000   0.000   0.000   0.000   0.000   0.000   0.000   0.000   0.000   0.005  -0.009  -0.015   0.003
  0.194   0.020   0.218   0.321   0.015   0.010   0.106  -0.028   0.005   0.567   0.063   0.011   0.063
  0.096  -0.105   0.039   0.268   0.005  -0.085   0.031   0.010  -0.009   0.063   0.283   0.009   0.005
  0.155   0.077  -0.167   0.281   0.008   0.035  -0.076  -0.013  -0.015   0.011   0.009   0.472   0.028
  0.032   0.036   0.012   0.260   0.002   0.088   0.028   0.004   0.003   0.063   0.005   0.028   0.094
Compute Kinetic Energy Operator T Matrix using GAUSSIAN Library

 The matrix of Kinietic Energy operator T
13 13
  0.172   0.000   0.000   0.000   0.000   0.000   0.000   0.000   0.000   0.079   0.079   0.078   0.079
  0.000   0.343   0.000   0.000   0.000   0.000   0.000   0.000   0.000   0.020  -0.209   0.089   0.216
  0.000   0.000   0.343   0.000   0.000   0.000   0.000   0.000   0.000   0.219   0.077  -0.193   0.070
  0.000   0.000   0.000   0.343   0.000   0.000   0.000   0.000   0.000   0.061   0.029   0.045   0.010
  0.000   0.000   0.000   0.000   7.031   0.000   0.000   0.000   0.000  -0.051  -0.050  -0.034  -0.060
  0.000   0.000   0.000   0.000   0.000   7.031   0.000   0.000   0.000   0.005  -0.022   0.011   0.009
  0.000   0.000   0.000   0.000   0.000   0.000   7.031   0.000   0.000   0.057   0.008  -0.024   0.003
  0.000   0.000   0.000   0.000   0.000   0.000   0.000   7.031   0.000  -0.102   0.069  -0.042   0.085
  0.000   0.000   0.000   0.000   0.000   0.000   0.000   0.000   7.031   0.019  -0.059  -0.049   0.062
  0.079   0.020   0.219   0.061  -0.051   0.005   0.057  -0.102   0.019   1.428  -0.018  -0.011  -0.008
  0.079  -0.209   0.077   0.029  -0.050  -0.022   0.008   0.069  -0.059  -0.018   1.428  -0.011  -0.011
  0.078   0.089  -0.193   0.045  -0.034   0.011  -0.024  -0.042  -0.049  -0.011  -0.011   1.428  -0.023
  0.079   0.216   0.070   0.010  -0.060   0.009   0.003   0.085   0.062  -0.008  -0.011  -0.023   1.428
Compute Angular Momentum Operator Matricies using GAUSSIAN Library

 The matrix of component 1 of R X Delt operator
 13 13
  0.000   0.000   0.000   0.000   0.000   0.000   0.000   0.000   0.000   0.000  -0.000   0.000   0.000
  0.000   0.000   0.000   0.000   0.000   0.000   0.000   0.000   0.000   0.000   0.000   0.000  -0.000
  0.000   0.000   0.000   1.000   0.000   0.000   0.000   0.000   0.000   0.135   0.066   0.104   0.022
  0.000   0.000  -1.000   0.000   0.000   0.000   0.000   0.000   0.000  -0.487  -0.175   0.449  -0.156
  0.000   0.000   0.000   0.000   0.000   0.000  -1.732   0.000   0.000  -0.112  -0.018   0.066  -0.006
  0.000   0.000   0.000   0.000   0.000   0.000   0.000   0.000  -1.000  -0.022   0.075   0.076  -0.072
  0.000   0.000   0.000   0.000   1.732   0.000   0.000   1.000   0.000  -0.214  -0.024  -0.156  -0.023
  0.000   0.000   0.000   0.000   0.000   0.000  -1.000   0.000   0.000  -0.065  -0.010   0.038  -0.003
  0.000   0.000   0.000   0.000   0.000   1.000   0.000   0.000   0.000   0.006  -0.028   0.018   0.010
 -0.000  -0.000  -0.135   0.487   0.112   0.022   0.214   0.065  -0.006   0.000   0.010   0.015  -0.016
  0.000   0.000  -0.066   0.175   0.018  -0.075   0.024   0.010   0.028  -0.010   0.000   0.007  -0.001
  0.000   0.000  -0.104  -0.449  -0.066  -0.076   0.156  -0.038  -0.018  -0.015  -0.007   0.000  -0.020
  0.000   0.000  -0.022   0.156   0.006   0.072   0.023   0.003  -0.010   0.016   0.001   0.020   0.000

 The matrix of component 2 of R X Delt operator
 13 13
  0.000   0.000   0.000   0.000   0.000   0.000   0.000   0.000   0.000   0.000  -0.000   0.000   0.000
  0.000   0.000   0.000  -1.000   0.000   0.000   0.000   0.000   0.000  -0.135  -0.066  -0.104  -0.022
  0.000   0.000   0.000   0.000   0.000   0.000   0.000   0.000   0.000  -0.000   0.000   0.000   0.000
  0.000   1.000   0.000   0.000   0.000   0.000   0.000   0.000   0.000   0.045  -0.472   0.208   0.482
  0.000   0.000   0.000   0.000   0.000   1.732   0.000   0.000   0.000   0.010  -0.049   0.031   0.018
  0.000   0.000   0.000   0.000  -1.732   0.000   0.000   1.000   0.000  -0.016   0.199   0.026   0.222
  0.000   0.000   0.000   0.000   0.000   0.000   0.000   0.000   1.000   0.022  -0.075  -0.076   0.072
  0.000   0.000   0.000   0.000   0.000  -1.000   0.000   0.000   0.000  -0.006   0.028  -0.018  -0.010
  0.000   0.000   0.000   0.000   0.000   0.000  -1.000   0.000   0.000  -0.065  -0.010   0.038  -0.003
  0.000   0.135   0.000  -0.045  -0.010   0.016  -0.022   0.006   0.065   0.000  -0.078   0.003   0.101
  0.000   0.066  -0.000   0.472   0.049  -0.199   0.075  -0.028   0.010   0.078   0.000   0.009   0.006
  0.000   0.104   0.000  -0.208  -0.031  -0.026   0.076   0.018  -0.038  -0.003  -0.009   0.000   0.035
 -0.000   0.022  -0.000  -0.482  -0.018  -0.222  -0.072   0.010   0.003  -0.101  -0.006  -0.035   0.000

 The matrix of component 3 of R X Delt operator
 13 13
  0.000   0.000   0.000   0.000   0.000   0.000   0.000   0.000   0.000   0.000   0.000   0.000  -0.000
  0.000   0.000   1.000   0.000   0.000   0.000   0.000   0.000   0.000   0.487   0.175  -0.449   0.156
  0.000  -1.000   0.000   0.000   0.000   0.000   0.000   0.000   0.000  -0.045   0.472  -0.208  -0.482
  0.000   0.000   0.000   0.000   0.000   0.000   0.000   0.000   0.000   0.000  -0.000   0.000  -0.000
  0.000   0.000   0.000   0.000   0.000   0.000   0.000   0.000  -0.000  -0.000  -0.000   0.000  -0.000
  0.000   0.000   0.000   0.000   0.000   0.000   1.000   0.000   0.000   0.065   0.010  -0.038   0.003
  0.000   0.000   0.000   0.000   0.000  -1.000   0.000   0.000   0.000  -0.006   0.028  -0.018  -0.010
  0.000   0.000   0.000   0.000   0.000   0.000   0.000   0.000   2.000   0.043  -0.150  -0.152   0.144
  0.000   0.000   0.000   0.000   0.000   0.000   0.000  -2.000   0.000   0.230  -0.175   0.129  -0.199
  0.000  -0.487   0.045   0.000   0.000  -0.065   0.006  -0.043  -0.230   0.000   0.277  -0.016  -0.357
 -0.000  -0.175  -0.472   0.000   0.000  -0.010  -0.028   0.150   0.175  -0.277   0.000   0.026  -0.022
  0.000   0.449   0.208   0.000  -0.000   0.038   0.018   0.152  -0.129   0.016  -0.026   0.000   0.189
  0.000  -0.156   0.482   0.000   0.000  -0.003   0.010  -0.144   0.199   0.357   0.022  -0.189   0.000
-----------------------------------------------------------------------------------------------------------------

IPACK calc:
------------------------------------------------------------------------------------------------------------------
 Overlap Matrix
13 13
  1.000   0.000   0.000   0.000   0.000   0.000   0.000   0.000   0.000   0.386
  0.000   1.000   0.000   0.000   0.000   0.000   0.000   0.000   0.000   0.045
  0.000   0.000   1.000   0.000   0.000   0.000   0.000   0.000   0.000   0.487
  0.000   0.000   0.000   1.000   0.000   0.000   0.000   0.000   0.000   0.135
  0.000   0.000   0.000   0.000   1.000   0.000   0.000   0.000   0.000  -0.057
  0.000   0.000   0.000   0.000   0.000   1.000   0.000   0.000   0.000   0.006
  0.000   0.000   0.000   0.000   0.000   0.000   1.000   0.000   0.000   0.065
  0.000   0.000   0.000   0.000   0.000   0.000   0.000   1.000   0.000  -0.115
  0.000   0.000   0.000   0.000   0.000   0.000   0.000   0.000   1.000   0.022
  0.386   0.045   0.487   0.135  -0.057   0.006   0.065  -0.115   0.022   1.000
  0.381  -0.472   0.175   0.066  -0.064  -0.028   0.010   0.087  -0.075   0.148
  0.373   0.208  -0.449   0.104  -0.053   0.018  -0.038  -0.065  -0.076   0.022
  0.384   0.482   0.156   0.022  -0.071   0.010   0.003   0.100   0.072   0.191
Compute electric dipole Matrix using IPACK Library

 The matrix of component 1 of R-operator
 13 13
  0.000   1.676   0.000   0.000   0.000   0.000   0.000   0.000   0.000   0.065
  1.676   0.000   0.000   0.000  -0.110   0.000   0.000   0.191   0.000   0.267
  0.000   0.000   0.000   0.000   0.000   0.000   0.000   0.000   0.191   0.073
  0.000   0.000   0.000   0.000   0.000   0.191   0.000   0.000   0.000   0.020
  0.000  -0.110   0.000   0.000   0.000   0.000   0.000   0.000   0.000  -0.009
  0.000   0.000   0.000   0.191   0.000   0.000   0.000   0.000   0.000   0.026
  0.000   0.000   0.000   0.000   0.000   0.000   0.000   0.000   0.000   0.005
  0.000   0.191   0.000   0.000   0.000   0.000   0.000   0.000   0.000  -0.001
  0.000   0.000   0.191   0.000   0.000   0.000   0.000   0.000   0.000   0.092
  0.065   0.267   0.073   0.020  -0.009   0.026   0.005  -0.001   0.092   0.189
 -0.688   1.012  -0.281  -0.105   0.102   0.035  -0.009  -0.156   0.094  -0.137
  0.310   0.396  -0.333   0.077  -0.039   0.023  -0.015   0.007  -0.099   0.012
  0.696   1.035   0.252   0.036  -0.112   0.013   0.003   0.174   0.091   0.213

 The matrix of component 2 of R-operator
 13 13
  0.000   0.000   1.676   0.000   0.000   0.000   0.000   0.000   0.000   0.700
  0.000   0.000   0.000   0.000   0.000   0.000   0.000   0.000   0.191   0.073
  1.676   0.000   0.000   0.000  -0.110   0.000   0.000  -0.191   0.000   1.045
  0.000   0.000   0.000   0.000   0.000   0.000   0.191   0.000   0.000   0.218
  0.000   0.000  -0.110   0.000   0.000   0.000   0.000   0.000   0.000  -0.102
  0.000   0.000   0.000   0.000   0.000   0.000   0.000   0.000   0.000   0.005
  0.000   0.000   0.000   0.191   0.000   0.000   0.000   0.000   0.000   0.081
  0.000   0.000  -0.191   0.000   0.000   0.000   0.000   0.000   0.000  -0.190
  0.000   0.191   0.000   0.000   0.000   0.000   0.000   0.000   0.000   0.027
  0.700   0.073   1.045   0.218  -0.102   0.005   0.081  -0.190   0.027   2.041
  0.255  -0.281   0.357   0.039  -0.038  -0.009   0.015  -0.002  -0.105   0.207
 -0.669  -0.333   0.962  -0.167   0.084  -0.015   0.048   0.124   0.096  -0.000
  0.226   0.252   0.340   0.012  -0.036   0.003   0.005  -0.000   0.108   0.258

 The matrix of component 3 of R-operator
 13 13
  0.000   0.000   0.000   1.676   0.000   0.000   0.000   0.000   0.000   0.194
  0.000   0.000   0.000   0.000   0.000   0.191   0.000   0.000   0.000   0.020
  0.000   0.000   0.000   0.000   0.000   0.000   0.191   0.000   0.000   0.218
  1.676   0.000   0.000   0.000   0.220   0.000   0.000   0.000   0.000   0.321
  0.000   0.000   0.000   0.220   0.000   0.000   0.000   0.000   0.000   0.015
  0.000   0.191   0.000   0.000   0.000   0.000   0.000   0.000   0.000   0.010
  0.000   0.000   0.191   0.000   0.000   0.000   0.000   0.000   0.000   0.106
  0.000   0.000   0.000   0.000   0.000   0.000   0.000   0.000   0.000  -0.028
  0.000   0.000   0.000   0.000   0.000   0.000   0.000   0.000   0.000   0.005
  0.194   0.020   0.218   0.321   0.015   0.010   0.106  -0.028   0.005   0.567
  0.096  -0.105   0.039   0.268   0.005  -0.085   0.031   0.010  -0.009   0.063
  0.155   0.077  -0.167   0.281   0.008   0.035  -0.076  -0.013  -0.015   0.011
  0.032   0.036   0.012   0.260   0.002   0.088   0.028   0.004   0.003   0.063
Compute Kinetic Energy Matrix using IPACK Library

 The matrix of Kinietic Energy operator T
13 13
  0.172   0.000   0.000   0.000   0.000   0.000   0.000   0.000   0.000   0.079
  0.000   0.343   0.000   0.000   0.000   0.000   0.000   0.000   0.000   0.020
  0.000   0.000   0.343   0.000   0.000   0.000   0.000   0.000   0.000   0.219
  0.000   0.000   0.000   0.343   0.000   0.000   0.000   0.000   0.000   0.061
  0.000   0.000   0.000   0.000   7.031   0.000   0.000   0.000   0.000  -0.051
  0.000   0.000   0.000   0.000   0.000   7.031   0.000   0.000   0.000   0.005
  0.000   0.000   0.000   0.000   0.000   0.000   7.031   0.000   0.000   0.057
  0.000   0.000   0.000   0.000   0.000   0.000   0.000   7.031   0.000  -0.102
  0.000   0.000   0.000   0.000   0.000   0.000   0.000   0.000   7.031   0.019
  0.079   0.020   0.219   0.061  -0.051   0.005   0.057  -0.102   0.019   1.428
  0.079  -0.209   0.077   0.029  -0.050  -0.022   0.008   0.069  -0.059  -0.018
  0.078   0.089  -0.193   0.045  -0.034   0.011  -0.024  -0.042  -0.049  -0.011
  0.079   0.216   0.070   0.010  -0.060   0.009   0.003   0.085   0.062  -0.008
Compute Angular Momentum Operator Matricies using IPACK Library

 The matrix of component 1 of R X Delt operator
 13 13
  0.000   0.000   0.000   0.000   0.000   0.000   0.000   0.000   0.000   0.000
  0.000   0.000   0.000   0.000   0.000   0.000   0.000   0.000   0.000   0.000
  0.000   0.000   0.000   1.000   0.000   0.000   0.000   0.000   0.000   0.135
  0.000   0.000  -1.000   0.000   0.000   0.000   0.000   0.000   0.000  -0.487
  0.000   0.000   0.000   0.000   0.000   0.000  -1.732   0.000   0.000  -0.112
  0.000   0.000   0.000   0.000   0.000   0.000   0.000   0.000  -1.000  -0.022
  0.000   0.000   0.000   0.000   1.732   0.000   0.000   1.000   0.000  -0.214
  0.000   0.000   0.000   0.000   0.000   0.000  -1.000   0.000   0.000  -0.065
  0.000   0.000   0.000   0.000   0.000   1.000   0.000   0.000   0.000   0.006
  0.000   0.000  -0.135   0.487   0.112   0.022   0.214   0.065  -0.006   0.000
  0.000   0.000  -0.066   0.175   0.018  -0.075   0.024   0.010   0.028  -0.010
  0.000   0.000  -0.104  -0.449  -0.066  -0.076   0.156  -0.038  -0.018  -0.015
  0.000   0.000  -0.022   0.156   0.006   0.072   0.023   0.003  -0.010   0.016

 The matrix of component 2 of R X Delt operator
 13 13
  0.000   0.000   0.000   0.000   0.000   0.000   0.000   0.000   0.000   0.000
  0.000   0.000   0.000  -1.000   0.000   0.000   0.000   0.000   0.000  -0.135
  0.000   0.000   0.000   0.000   0.000   0.000   0.000   0.000   0.000   0.000
  0.000   1.000   0.000   0.000   0.000   0.000   0.000   0.000   0.000   0.045
  0.000   0.000   0.000   0.000   0.000   1.732   0.000   0.000   0.000   0.010
  0.000   0.000   0.000   0.000  -1.732   0.000   0.000   1.000   0.000  -0.016
  0.000   0.000   0.000   0.000   0.000   0.000   0.000   0.000   1.000   0.022
  0.000   0.000   0.000   0.000   0.000  -1.000   0.000   0.000   0.000  -0.006
  0.000   0.000   0.000   0.000   0.000   0.000  -1.000   0.000   0.000  -0.065
  0.000   0.135   0.000  -0.045  -0.010   0.016  -0.022   0.006   0.065   0.000
  0.000   0.066   0.000   0.472   0.049  -0.199   0.075  -0.028   0.010   0.078
  0.000   0.104   0.000  -0.208  -0.031  -0.026   0.076   0.018  -0.038  -0.003
  0.000   0.022   0.000  -0.482  -0.018  -0.222  -0.072   0.010   0.003  -0.101

 The matrix of component 3 of R X Delt operator
 13 13
  0.000   0.000   0.000   0.000   0.000   0.000   0.000   0.000   0.000   0.000
  0.000   0.000   1.000   0.000   0.000   0.000   0.000   0.000   0.000   0.487
  0.000  -1.000   0.000   0.000   0.000   0.000   0.000   0.000   0.000  -0.045
  0.000   0.000   0.000   0.000   0.000   0.000   0.000   0.000   0.000   0.000
  0.000   0.000   0.000   0.000   0.000   0.000   0.000   0.000   0.000   0.000
  0.000   0.000   0.000   0.000   0.000   0.000   1.000   0.000   0.000   0.065
  0.000   0.000   0.000   0.000   0.000  -1.000   0.000   0.000   0.000  -0.006
  0.000   0.000   0.000   0.000   0.000   0.000   0.000   0.000   2.000   0.043
  0.000   0.000   0.000   0.000   0.000   0.000   0.000  -2.000   0.000   0.230
  0.000  -0.487   0.045   0.000   0.000  -0.065   0.006  -0.043  -0.230   0.000
  0.000  -0.175  -0.472   0.000  -0.000  -0.010  -0.028   0.150   0.175  -0.277
  0.000   0.449   0.208   0.000   0.000   0.038   0.018   0.152  -0.129   0.016
  0.000  -0.156   0.482   0.000   0.000  -0.003   0.010  -0.144   0.199   0.357